WARNING:tensorflow:From main.py:45: read_data_sets (from tensorflow.contrib.learn.python.learn.datasets.mnist) is deprecated and will be removed in a future version.
Instructions for updating:
Please use alternatives such as official/mnist/dataset.py from tensorflow/models.
WARNING:tensorflow:From /home/keshavsanthanam/.local/lib/python2.7/site-packages/tensorflow/contrib/learn/python/learn/datasets/mnist.py:260: maybe_download (from tensorflow.contrib.learn.python.learn.datasets.base) is deprecated and will be removed in a future version.
Instructions for updating:
Please write your own downloading logic.
WARNING:tensorflow:From /home/keshavsanthanam/.local/lib/python2.7/site-packages/tensorflow/contrib/learn/python/learn/datasets/mnist.py:262: extract_images (from tensorflow.contrib.learn.python.learn.datasets.mnist) is deprecated and will be removed in a future version.
Instructions for updating:
Please use tf.data to implement this functionality.
WARNING:tensorflow:From /home/keshavsanthanam/.local/lib/python2.7/site-packages/tensorflow/contrib/learn/python/learn/datasets/mnist.py:267: extract_labels (from tensorflow.contrib.learn.python.learn.datasets.mnist) is deprecated and will be removed in a future version.
Instructions for updating:
Please use tf.data to implement this functionality.
WARNING:tensorflow:From /home/keshavsanthanam/.local/lib/python2.7/site-packages/tensorflow/contrib/learn/python/learn/datasets/mnist.py:110: dense_to_one_hot (from tensorflow.contrib.learn.python.learn.datasets.mnist) is deprecated and will be removed in a future version.
Instructions for updating:
Please use tf.one_hot on tensors.
WARNING:tensorflow:From /home/keshavsanthanam/.local/lib/python2.7/site-packages/tensorflow/contrib/learn/python/learn/datasets/mnist.py:290: __init__ (from tensorflow.contrib.learn.python.learn.datasets.mnist) is deprecated and will be removed in a future version.
Instructions for updating:
Please use alternatives such as official/mnist/dataset.py from tensorflow/models.
WARNING:tensorflow:From /home/keshavsanthanam/gpusched/workloads/tensorflow/image_generation/vae.py:47: get_or_create_global_step (from tensorflow.contrib.framework.python.ops.variables) is deprecated and will be removed in a future version.
Instructions for updating:
Please switch to tf.train.get_or_create_global_step
==6219== NVPROF is profiling process 6219, command: python main.py --working_directory /tmp/gan --model vae --max_epoch 1 --updates_per_epoch 10
2019-01-31 04:09:28.592780: I tensorflow/stream_executor/cuda/cuda_gpu_executor.cc:964] successful NUMA node read from SysFS had negative value (-1), but there must be at least one NUMA node, so returning NUMA node zero
2019-01-31 04:09:28.593236: I tensorflow/core/common_runtime/gpu/gpu_device.cc:1432] Found device 0 with properties: 
name: Tesla V100-SXM2-16GB major: 7 minor: 0 memoryClockRate(GHz): 1.53
pciBusID: 0000:00:04.0
totalMemory: 15.75GiB freeMemory: 15.33GiB
2019-01-31 04:09:28.593262: I tensorflow/core/common_runtime/gpu/gpu_device.cc:1511] Adding visible gpu devices: 0
2019-01-31 04:09:29.546042: I tensorflow/core/common_runtime/gpu/gpu_device.cc:982] Device interconnect StreamExecutor with strength 1 edge matrix:
2019-01-31 04:09:29.546090: I tensorflow/core/common_runtime/gpu/gpu_device.cc:988]      0 
2019-01-31 04:09:29.546098: I tensorflow/core/common_runtime/gpu/gpu_device.cc:1001] 0:   N 
2019-01-31 04:09:29.546347: I tensorflow/core/common_runtime/gpu/gpu_device.cc:1115] Created TensorFlow device (/job:localhost/replica:0/task:0/device:GPU:0 with 14837 MB memory) -> physical GPU (device: 0, name: Tesla V100-SXM2-16GB, pci bus id: 0000:00:04.0, compute capability: 7.0)
2019-01-31 04:09:29.546934: I tensorflow/core/common_runtime/process_util.cc:69] Creating new thread pool with default inter op setting: 2. Tune using inter_op_parallelism_threads for best performance.
  0% |                                                                        | 10% |#######                                                                 | 20% |##############                                                          | 30% |#####################                                                   | 40% |############################                                            | 50% |####################################                                    | 60% |###########################################                             | 70% |##################################################                      | 80% |#########################################################               | 90% |################################################################        |100% |########################################################################|
Extracting /tmp/gan/MNIST/train-images-idx3-ubyte.gz
Extracting /tmp/gan/MNIST/train-labels-idx1-ubyte.gz
Extracting /tmp/gan/MNIST/t10k-images-idx3-ubyte.gz
Extracting /tmp/gan/MNIST/t10k-labels-idx1-ubyte.gz
start: 2019-01-31 04:09:29.939083
Loss 651.806866
==6219== Profiling application: python main.py --working_directory /tmp/gan --model vae --max_epoch 1 --updates_per_epoch 10
==6219== Profiling result:
==6219== Metric result:
"Device","Kernel","Invocations","Metric Name","Metric Description","Min","Max","Avg"
"Tesla V100-SXM2-16GB (0)","void Eigen::internal::EigenMetaKernel<Eigen::TensorEvaluator<Eigen::TensorAssignOp<Eigen::TensorMap<Eigen::Tensor<float, int=1, int=1, int>, int=16, Eigen::MakePointer>, Eigen::TensorCwiseUnaryOp<Eigen::internal::scalar_right<float, float, Eigen::internal::scalar_product_op<float, float>>, Eigen::TensorMap<Eigen::Tensor<float const , int=1, int=1, int>, int=16, Eigen::MakePointer> const > const > const , Eigen::GpuDevice>, int>(float, int=1)",38,"dram_write_throughput","Device Memory Write Throughput",0.000000B/s,158.337955GB/s,18.279156GB/s
"Tesla V100-SXM2-16GB (0)","void flip_filter<float, float>(float*, float const *, int, int, int, int)",8,"dram_write_throughput","Device Memory Write Throughput",0.000000B/s,20.701383GB/s,5.694046GB/s
"Tesla V100-SXM2-16GB (0)","void cudnn::winograd_nonfused::winogradWgradDelta4x4<float, float>(cudnn::winograd_nonfused::WinogradDeltaParams<float, float>)",2,"dram_write_throughput","Device Memory Write Throughput",204.779449GB/s,265.074848GB/s,231.504977GB/s
"Tesla V100-SXM2-16GB (0)","void Eigen::internal::EigenMetaKernel<Eigen::TensorEvaluator<Eigen::TensorAssignOp<Eigen::TensorMap<Eigen::Tensor<float, int=1, int=1, int>, int=16, Eigen::MakePointer>, Eigen::TensorCwiseBinaryOp<Eigen::internal::scalar_difference_op<float, float>, Eigen::TensorMap<Eigen::Tensor<float const , int=1, int=1, int>, int=16, Eigen::MakePointer> const , Eigen::TensorMap<Eigen::Tensor<float const , int=1, int=1, long>, int=16, Eigen::MakePointer> const > const > const , Eigen::GpuDevice>, long>(float, int=1)",20,"dram_write_throughput","Device Memory Write Throughput",7.620880GB/s,74.413290GB/s,33.879420GB/s
"Tesla V100-SXM2-16GB (0)","void cudnn::winograd_nonfused::winogradWgradData4x4<float, float>(cudnn::winograd_nonfused::WinogradDataParams<float, float>)",2,"dram_write_throughput","Device Memory Write Throughput",153.939554MB/s,144.772488GB/s,64.391684GB/s
"Tesla V100-SXM2-16GB (0)","void cudnn::detail::explicit_convolve_sgemm<float, int, int=1024, int=5, int=5, int=3, int=3, int=3, int=0, bool=1>(int, int, int, float const *, int, float const , int, cudnn::detail::explicit_convolve_sgemm<float, int, int=1024, int=5, int=5, int=3, int=3, int=3, int=0, bool=1>*, kernel_conv_params, int, int, float, float, int, float const *, float const *)",2,"dram_write_throughput","Device Memory Write Throughput",140.101275GB/s,145.880728GB/s,142.824322GB/s
"Tesla V100-SXM2-16GB (0)","void Eigen::internal::EigenMetaKernel<Eigen::TensorEvaluator<Eigen::TensorAssignOp<Eigen::TensorMap<Eigen::Tensor<float, int=1, int=1, int>, int=16, Eigen::MakePointer>, Eigen::TensorCwiseBinaryOp<Eigen::internal::scalar_sqrt_gradient_op<float>, Eigen::TensorMap<Eigen::Tensor<float const , int=1, int=1, int>, int=16, Eigen::MakePointer> const , Eigen::TensorMap<Eigen::Tensor<float const , int=1, int=1, long>, int=16, Eigen::MakePointer> const > const > const , Eigen::GpuDevice>, long>(float, int=1)",10,"dram_write_throughput","Device Memory Write Throughput",11.606540GB/s,13.877251GB/s,12.426147GB/s
"Tesla V100-SXM2-16GB (0)","void Eigen::internal::EigenMetaKernel<Eigen::TensorEvaluator<Eigen::TensorAssignOp<Eigen::TensorMap<Eigen::Tensor<float, int=1, int=1, long>, int=16, Eigen::MakePointer>, Eigen::TensorCwiseBinaryOp<Eigen::internal::scalar_sum_op<float, float>, Eigen::TensorCwiseBinaryOp<Eigen::internal::scalar_sum_op<float const , float const >, Eigen::TensorMap<Eigen::Tensor<float const , int=1, int=1, long>, int=16, Eigen::MakePointer> const , Eigen::TensorMap<Eigen::Tensor<float const , int=1, int=1, long>, int=16, Eigen::MakePointer> const > const , Eigen::TensorMap<Eigen::Tensor<float const , int=1, int=1, long>, int=16, Eigen::MakePointer> const > const > const , Eigen::GpuDevice>, long>(float, int=1)",10,"dram_write_throughput","Device Memory Write Throughput",10.099197GB/s,18.761818GB/s,14.300939GB/s
"Tesla V100-SXM2-16GB (0)","cudnn::gemm::computeBOffsetsKernel(cudnn::gemm::ComputeBOffsetsParams)",4,"dram_write_throughput","Device Memory Write Throughput",0.000000B/s,70.642542MB/s,17.993784MB/s
"Tesla V100-SXM2-16GB (0)","void cudnn::detail::wgrad_alg0_engine<float, int=512, int=6, int=5, int=3, int=3, int=3, bool=1, int=512>(int, int, int, float const *, int, cudnn::detail::wgrad_alg0_engine<float, int=512, int=6, int=5, int=3, int=3, int=3, bool=1, int=512>*, float const , kernel_grad_params, int, float, int, int, int, int)",44,"dram_write_throughput","Device Memory Write Throughput",0.000000B/s,15.994333GB/s,10.998459GB/s
"Tesla V100-SXM2-16GB (0)","cudnn::gemm::computeWgradBOffsetsKernel(cudnn::gemm::ComputeBOffsetsParams)",20,"dram_write_throughput","Device Memory Write Throughput",0.000000B/s,74.071791MB/s,5.403225MB/s
"Tesla V100-SXM2-16GB (0)","void scalePackedTensor_kernel<float, float>(cudnnTensor4dStruct, float*, float)",89,"dram_write_throughput","Device Memory Write Throughput",0.000000B/s,357.213948GB/s,169.673035GB/s
"Tesla V100-SXM2-16GB (0)","void Eigen::internal::EigenMetaKernel<Eigen::TensorEvaluator<Eigen::TensorAssignOp<Eigen::TensorMap<Eigen::Tensor<float, int=1, int=1, int>, int=16, Eigen::MakePointer>, Eigen::TensorCwiseUnaryOp<Eigen::internal::scalar_right<float, float, Eigen::internal::scalar_difference_op<float, float>>, Eigen::TensorMap<Eigen::Tensor<float const , int=1, int=1, int>, int=16, Eigen::MakePointer> const > const > const , Eigen::GpuDevice>, int>(float, int=1)",10,"dram_write_throughput","Device Memory Write Throughput",25.096692MB/s,190.734863MB/s,98.302672MB/s
"Tesla V100-SXM2-16GB (0)","void tensorflow::functor::PadInputCustomKernelNCHW<float, int=4>(int, float const *, tensorflow::functor::Dimension<int=4>, tensorflow::functor::PadInputCustomKernelNCHW<float, int=4>*, tensorflow::functor::Dimension, float const *)",112,"dram_write_throughput","Device Memory Write Throughput",40.581885MB/s,200.635198GB/s,134.422132GB/s
"Tesla V100-SXM2-16GB (0)","void tensorflow::BiasNHWCKernel<float>(int, float const *, float const , tensorflow::BiasNHWCKernel<float>*, int)",10,"dram_write_throughput","Device Memory Write Throughput",0.000000B/s,27.642734MB/s,8.215364MB/s
"Tesla V100-SXM2-16GB (0)","void Eigen::internal::EigenMetaKernel<Eigen::TensorEvaluator<Eigen::TensorAssignOp<Eigen::TensorMap<Eigen::Tensor<float, int=1, int=1, int>, int=16, Eigen::MakePointer>, Eigen::TensorCwiseUnaryOp<Eigen::internal::scalar_left<float, float, Eigen::internal::scalar_difference_op<float, float>>, Eigen::TensorMap<Eigen::Tensor<float const , int=1, int=1, int>, int=16, Eigen::MakePointer> const > const > const , Eigen::GpuDevice>, int>(float, int=1)",20,"dram_write_throughput","Device Memory Write Throughput",0.978564GB/s,231.096055GB/s,40.896665GB/s
"Tesla V100-SXM2-16GB (0)","void cudnn::detail::bn_fw_tr_1C11_singleread<float, int=512, bool=1, int=1, int=2, int=0>(cudnnTensorStruct, float const *, cudnn::detail::bn_fw_tr_1C11_singleread<float, int=512, bool=1, int=1, int=2, int=0>, cudnnTensorStruct*, float const *, float const , float, float, float*, float const *, float const *, float const *, float, float, cudnn::reduced_divisor, int, float*, cudnn::detail::bnFwPersistentState*, int, float, float, float, int, float, float, cudnnStatus_t*, bool)",42,"dram_write_throughput","Device Memory Write Throughput",236.937717MB/s,148.490997GB/s,85.814228GB/s
"Tesla V100-SXM2-16GB (0)","void Eigen::internal::EigenMetaKernel<Eigen::TensorEvaluator<Eigen::TensorAssignOp<Eigen::TensorMap<Eigen::Tensor<float, int=1, int=1, long>, int=16, Eigen::MakePointer>, Eigen::TensorCwiseBinaryOp<Eigen::internal::scalar_sum_op<float const , float const >, Eigen::TensorMap<Eigen::Tensor<float const , int=1, int=1, long>, int=16, Eigen::MakePointer> const , Eigen::TensorMap<Eigen::Tensor<float const , int=1, int=1, long>, int=16, Eigen::MakePointer> const > const > const , Eigen::GpuDevice>, long>(float, int=1)",30,"dram_write_throughput","Device Memory Write Throughput",0.000000B/s,25.378540GB/s,10.523904GB/s
"Tesla V100-SXM2-16GB (0)","void Eigen::internal::EigenMetaKernel<Eigen::TensorEvaluator<Eigen::TensorAssignOp<Eigen::TensorMap<Eigen::Tensor<float, int=1, int=1, int>, int=16, Eigen::MakePointer>, Eigen::TensorCwiseUnaryOp<Eigen::internal::scalar_right<float, float, Eigen::internal::scalar_sum_op<float, float>>, Eigen::TensorMap<Eigen::Tensor<float const , int=1, int=1, int>, int=16, Eigen::MakePointer> const > const > const , Eigen::GpuDevice>, int>(float, int=1)",48,"dram_write_throughput","Device Memory Write Throughput",0.000000B/s,117.553605GB/s,28.934436GB/s
"Tesla V100-SXM2-16GB (0)","void cudnn::winograd_nonfused::winogradWgradDelta9x9_5x5<float, float>(cudnn::winograd_nonfused::WinogradDeltaParams<float, float>)",2,"dram_write_throughput","Device Memory Write Throughput",281.714494GB/s,291.094994GB/s,286.320693GB/s
"Tesla V100-SXM2-16GB (0)","void cudnn::winograd_nonfused::winogradWgradOutput9x9_5x5<float, float>(cudnn::winograd_nonfused::WinogradWgradOutputParams<float, float>)",2,"dram_write_throughput","Device Memory Write Throughput",152.373810GB/s,159.331715GB/s,155.798978GB/s
"Tesla V100-SXM2-16GB (0)","void Eigen::internal::EigenMetaKernel<Eigen::TensorEvaluator<Eigen::TensorAssignOp<Eigen::TensorMap<Eigen::Tensor<float, int=2, int=1, long>, int=16, Eigen::MakePointer>, Eigen::TensorCwiseNullaryOp<Eigen::internal::scalar_constant_op<float>, Eigen::TensorMap<Eigen::Tensor<float, int=2, int=1, long>, int=16, Eigen::MakePointer> const > const > const , Eigen::GpuDevice>, long>(float, int=2)",20,"dram_write_throughput","Device Memory Write Throughput",0.000000B/s,30.710930GB/s,11.113860GB/s
"Tesla V100-SXM2-16GB (0)","void cudnn::detail::implicit_convolve_sgemm<float, float, int=128, int=5, int=5, int=3, int=3, int=3, int=1, bool=1, bool=0, bool=1>(int, int, int, float const *, int, float*, cudnn::detail::implicit_convolve_sgemm<float, float, int=128, int=5, int=5, int=3, int=3, int=3, int=1, bool=1, bool=0, bool=1>*, kernel_conv_params, int, float, float, int, float, float, int, int)",22,"dram_write_throughput","Device Memory Write Throughput",70.762944GB/s,226.652014GB/s,176.863060GB/s
"Tesla V100-SXM2-16GB (0)","volta_sgemm_64x32_sliced1x4_nn",10,"dram_write_throughput","Device Memory Write Throughput",75.070573MB/s,242.373734MB/s,145.611903MB/s
"Tesla V100-SXM2-16GB (0)","volta_scudnn_128x64_stridedB_small_nn_v1",4,"dram_write_throughput","Device Memory Write Throughput",0.000000B/s,11.410542MB/s,6.063393MB/s
"Tesla V100-SXM2-16GB (0)","volta_sgemm_64x32_sliced1x4_nt",10,"dram_write_throughput","Device Memory Write Throughput",10.080685GB/s,17.709457GB/s,13.869211GB/s
"Tesla V100-SXM2-16GB (0)","volta_scudnn_128x64_relu_small_nn_v1",2,"dram_write_throughput","Device Memory Write Throughput",9.149417MB/s,91.873729MB/s,52.144006MB/s
"Tesla V100-SXM2-16GB (0)","volta_cgemm_32x32_tn",12,"dram_write_throughput","Device Memory Write Throughput",78.277379GB/s,154.579362GB/s,90.031238GB/s
"Tesla V100-SXM2-16GB (0)","void cudnn::detail::implicit_convolve_sgemm<float, float, int=1024, int=5, int=5, int=3, int=3, int=3, int=1, bool=1, bool=0, bool=1>(int, int, int, float const *, int, float*, cudnn::detail::implicit_convolve_sgemm<float, float, int=1024, int=5, int=5, int=3, int=3, int=3, int=1, bool=1, bool=0, bool=1>*, kernel_conv_params, int, float, float, int, float, float, int, int)",58,"dram_write_throughput","Device Memory Write Throughput",0.000000B/s,16.179382GB/s,7.561838GB/s
"Tesla V100-SXM2-16GB (0)","void Eigen::internal::EigenMetaKernel<Eigen::TensorEvaluator<Eigen::TensorAssignOp<Eigen::TensorMap<Eigen::Tensor<float, int=1, int=1, int>, int=16, Eigen::MakePointer>, Eigen::TensorCwiseUnaryOp<Eigen::internal::scalar_floor_op<float>, Eigen::TensorMap<Eigen::Tensor<float const , int=1, int=1, int>, int=16, Eigen::MakePointer> const > const > const , Eigen::GpuDevice>, int>(float, int=1)",10,"dram_write_throughput","Device Memory Write Throughput",1.299156GB/s,7.281249GB/s,5.902247GB/s
"Tesla V100-SXM2-16GB (0)","void Eigen::internal::EigenMetaKernel<Eigen::TensorEvaluator<Eigen::TensorAssignOp<Eigen::TensorMap<Eigen::Tensor<float, int=1, int=1, int>, int=16, Eigen::MakePointer>, Eigen::TensorCwiseUnaryOp<Eigen::internal::scalar_sigmoid_op<float>, Eigen::TensorMap<Eigen::Tensor<float const , int=1, int=1, int>, int=16, Eigen::MakePointer> const > const > const , Eigen::GpuDevice>, int>(float, int=1)",11,"dram_write_throughput","Device Memory Write Throughput",45.960208MB/s,25.785637GB/s,10.788247GB/s
"Tesla V100-SXM2-16GB (0)","void cudnn::winograd_nonfused::winogradForwardData4x4<float, float>(cudnn::winograd_nonfused::WinogradDataParams<float, float>)",4,"dram_write_throughput","Device Memory Write Throughput",135.620855MB/s,110.964200GB/s,75.797260GB/s
"Tesla V100-SXM2-16GB (0)","void cudnn::winograd_nonfused::winogradForwardData9x9_5x5<float, float>(cudnn::winograd_nonfused::WinogradDataParams<float, float>)",6,"dram_write_throughput","Device Memory Write Throughput",55.376034GB/s,101.714155GB/s,81.363272GB/s
"Tesla V100-SXM2-16GB (0)","void cudnn::winograd::winograd3x3Kernel<float, float, int=1, int=4, int=8, bool=0>(cudnn::maxwell::winograd::KernelParams)",2,"dram_write_throughput","Device Memory Write Throughput",16.117280GB/s,19.253232GB/s,17.720985GB/s
"Tesla V100-SXM2-16GB (0)","void Eigen::internal::EigenMetaKernel<Eigen::TensorEvaluator<Eigen::TensorAssignOp<Eigen::TensorMap<Eigen::Tensor<float, int=2, int=1, int>, int=16, Eigen::MakePointer>, Eigen::TensorSlicingOp<Eigen::DSizes<int, int=2> const , Eigen::DSizes<int, int=2> const , Eigen::TensorMap<Eigen::Tensor<float const , int=2, int=1, int>, int=16, Eigen::MakePointer> const > const > const , Eigen::GpuDevice>, int>(float, int=2)",20,"dram_write_throughput","Device Memory Write Throughput",0.000000B/s,62.536020MB/s,16.822340MB/s
"Tesla V100-SXM2-16GB (0)","void Eigen::internal::EigenMetaKernel<Eigen::TensorEvaluator<Eigen::TensorAssignOp<Eigen::TensorMap<Eigen::Tensor<float, int=1, int=1, int>, int=16, Eigen::MakePointer>, Eigen::TensorCwiseBinaryOp<Eigen::internal::scalar_sigmoid_gradient_op<float>, Eigen::TensorMap<Eigen::Tensor<float const , int=1, int=1, int>, int=16, Eigen::MakePointer> const , Eigen::TensorMap<Eigen::Tensor<float const , int=1, int=1, long>, int=16, Eigen::MakePointer> const > const > const , Eigen::GpuDevice>, long>(float, int=1)",10,"dram_write_throughput","Device Memory Write Throughput",1.546347GB/s,6.352098GB/s,4.341590GB/s
"Tesla V100-SXM2-16GB (0)","void tensorflow::functor::ShuffleInTensor3Simple<float, int=2, int=1, int=0, bool=0>(int, float const *, tensorflow::functor::Dimension<int=3>, tensorflow::functor::ShuffleInTensor3Simple<float, int=2, int=1, int=0, bool=0>*)",204,"dram_write_throughput","Device Memory Write Throughput",0.000000B/s,100.837191GB/s,36.236806GB/s
"Tesla V100-SXM2-16GB (0)","void Eigen::internal::EigenMetaKernel<Eigen::TensorEvaluator<Eigen::TensorAssignOp<Eigen::TensorMap<Eigen::Tensor<float, int=1, int=1, long>, int=16, Eigen::MakePointer>, Eigen::TensorSelectOp<Eigen::TensorCwiseBinaryOp<Eigen::internal::scalar_cmp_op<float const , float const , Eigen::internal::ComparisonName>, Eigen::TensorMap<Eigen::Tensor<float const , int=1, int=1, long>, int=16, Eigen::MakePointer> const , Eigen::TensorCwiseNullaryOp<Eigen::internal::scalar_constant_op<float const >, Eigen::TensorMap<Eigen::Tensor<float const , int=1, int=1, long>, int=16, Eigen::MakePointer> const > const > const , Eigen::TensorCwiseBinaryOp<Eigen::internal::scalar_difference_op<float, float>, Eigen::TensorCwiseUnaryOp<Eigen::internal::scalar_exp_op<float const >, Eigen::TensorMap<Eigen::Tensor<float const , int=1, int=1, long>, int=16, Eigen::MakePointer> const > const , Eigen::TensorCwiseNullaryOp<Eigen::internal::scalar_constant_op<float const >, Eigen::TensorMap<Eigen::Tensor<float const , int=1, int=1, long>, int=16, Eigen::MakePointer> const > const > const , Eigen::TensorMap<Eigen::Tensor<float const , int=1, int=1, long>, int=16, Eigen::MakePointer> const > const > const , Eigen::GpuDevice>, long>(float, int=1)",63,"dram_write_throughput","Device Memory Write Throughput",0.000000B/s,225.412457GB/s,92.287781GB/s
"Tesla V100-SXM2-16GB (0)","volta_gcgemm_32x32_nt",8,"dram_write_throughput","Device Memory Write Throughput",107.184391GB/s,204.250413GB/s,126.825153GB/s
"Tesla V100-SXM2-16GB (0)","void fft2d_r2c_16x16<float>(float2*, float const *, int, int, int, int, int, int, int, int)",24,"dram_write_throughput","Device Memory Write Throughput",344.321438GB/s,590.531853GB/s,496.714558GB/s
"Tesla V100-SXM2-16GB (0)","cudnn::gemm::computeWgradSplitKOffsetsKernel(cudnn::gemm::ComputeOffsetsParams)",20,"dram_write_throughput","Device Memory Write Throughput",0.000000B/s,0.990927GB/s,65.052197MB/s
"Tesla V100-SXM2-16GB (0)","volta_scudnn_128x64_stridedB_splitK_small_nn_v1",8,"dram_write_throughput","Device Memory Write Throughput",0.000000B/s,92.907544MB/s,35.270801MB/s
"Tesla V100-SXM2-16GB (0)","void tensorflow::functor::SwapDimension1And2InTensor3UsingTiles<unsigned int, int=128, int=4, int=128, bool=0>(unsigned int const *, tensorflow::functor::Dimension<int=3>, tensorflow::functor::SwapDimension1And2InTensor3UsingTiles<unsigned int, int=128, int=4, int=128, bool=0>*)",20,"dram_write_throughput","Device Memory Write Throughput",11.523144GB/s,45.436573GB/s,28.496665GB/s
"Tesla V100-SXM2-16GB (0)","void tensorflow::functor::SwapDimension1And2InTensor3UsingTiles<unsigned int, int=128, int=128, int=4, bool=0>(unsigned int const *, tensorflow::functor::Dimension<int=3>, tensorflow::functor::SwapDimension1And2InTensor3UsingTiles<unsigned int, int=128, int=128, int=4, bool=0>*)",10,"dram_write_throughput","Device Memory Write Throughput",2.226088GB/s,4.248925GB/s,3.494720GB/s
"Tesla V100-SXM2-16GB (0)","void Eigen::internal::EigenMetaKernel<Eigen::TensorEvaluator<Eigen::TensorAssignOp<Eigen::TensorMap<Eigen::Tensor<float, int=1, int=1, int>, int=16, Eigen::MakePointer>, Eigen::TensorCwiseBinaryOp<Eigen::internal::scalar_sum_op<float, float>, Eigen::TensorMap<Eigen::Tensor<float const , int=1, int=1, int>, int=16, Eigen::MakePointer> const , Eigen::TensorMap<Eigen::Tensor<float const , int=1, int=1, long>, int=16, Eigen::MakePointer> const > const > const , Eigen::GpuDevice>, long>(float, int=1)",20,"dram_write_throughput","Device Memory Write Throughput",1.064369GB/s,19.158636GB/s,10.001498GB/s
"Tesla V100-SXM2-16GB (0)","void fft2d_r2c_32x32<float, unsigned int=1, bool=1>(float2*, float const *, int, int, int, int, int, int, int, int, int, cudnn::reduced_divisor, bool)",2,"dram_write_throughput","Device Memory Write Throughput",564.190475GB/s,593.579010GB/s,578.220086GB/s
"Tesla V100-SXM2-16GB (0)","void cudnn::winograd::generateWinogradTilesKernel<int=0, float, float>(cudnn::winograd::GenerateWinogradTilesParams<float, float>)",15,"dram_write_throughput","Device Memory Write Throughput",1.015988GB/s,106.847573GB/s,83.377819GB/s
"Tesla V100-SXM2-16GB (0)","void cudnn::detail::dgrad2d_alg1_1<float, int=0, int=4, int=6, int=3, int=2, int=4, bool=1, bool=1>(int, int, int, float const *, int, float const , int, cudnn::detail::dgrad2d_alg1_1<float, int=0, int=4, int=6, int=3, int=2, int=4, bool=1, bool=1>*, kernel_grad_params, int, int, float, int, int)",4,"dram_write_throughput","Device Memory Write Throughput",120.286007MB/s,24.859019GB/s,6.444598GB/s
"Tesla V100-SXM2-16GB (0)","void Eigen::internal::EigenMetaKernel<Eigen::TensorEvaluator<Eigen::TensorAssignOp<Eigen::TensorMap<Eigen::Tensor<float, int=1, int=1, int>, int=16, Eigen::MakePointer>, Eigen::TensorCwiseUnaryOp<Eigen::internal::scalar_inverse_op<float>, Eigen::TensorMap<Eigen::Tensor<float const , int=1, int=1, int>, int=16, Eigen::MakePointer> const > const > const , Eigen::GpuDevice>, int>(float, int=1)",30,"dram_write_throughput","Device Memory Write Throughput",6.357828MB/s,81.256195GB/s,27.780186GB/s
"Tesla V100-SXM2-16GB (0)","void fft2d_r2c_32x32<float, unsigned int=5, bool=1>(float2*, float const *, int, int, int, int, int, int, int, int, int, cudnn::reduced_divisor, bool)",2,"dram_write_throughput","Device Memory Write Throughput",496.873814GB/s,527.756116GB/s,511.768599GB/s
"Tesla V100-SXM2-16GB (0)","void tensorflow::functor::FillPhiloxRandomKernelLaunch<tensorflow::random::UniformDistribution<tensorflow::random::PhiloxRandom, float>>(tensorflow::random::PhiloxRandom, tensorflow::random::PhiloxRandomResultElementType*, __int64, tensorflow::functor::FillPhiloxRandomKernelLaunch<tensorflow::random::UniformDistribution<tensorflow::random::PhiloxRandom, float>>)",18,"dram_write_throughput","Device Memory Write Throughput",7.106986GB/s,179.284692GB/s,131.978613GB/s
"Tesla V100-SXM2-16GB (0)","void Eigen::internal::EigenMetaKernel<Eigen::TensorEvaluator<Eigen::TensorAssignOp<Eigen::TensorMap<Eigen::Tensor<float, int=1, int=1, long>, int=16, Eigen::MakePointer>, Eigen::TensorSelectOp<Eigen::TensorCwiseBinaryOp<Eigen::internal::scalar_cmp_op<float const , float const , Eigen::internal::ComparisonName>, Eigen::TensorMap<Eigen::Tensor<float const , int=1, int=1, long>, int=16, Eigen::MakePointer> const , Eigen::TensorCwiseNullaryOp<Eigen::internal::scalar_constant_op<float const >, Eigen::TensorMap<Eigen::Tensor<float const , int=1, int=1, long>, int=16, Eigen::MakePointer> const > const > const , Eigen::TensorCwiseBinaryOp<Eigen::internal::scalar_product_op<float, float>, Eigen::TensorCwiseUnaryOp<Eigen::internal::bind2nd_op<Eigen::internal::scalar_sum_op<float const , float const >>, Eigen::TensorMap<Eigen::Tensor<float const , int=1, int=1, long>, int=16, Eigen::MakePointer> const > const , Eigen::TensorMap<Eigen::Tensor<float const , int=1, int=1, long>, int=16, Eigen::MakePointer> const > const , Eigen::TensorMap<Eigen::Tensor<float const , int=1, int=1, long>, int=16, Eigen::MakePointer> const > const > const , Eigen::GpuDevice>, long>(float, int=1)",60,"dram_write_throughput","Device Memory Write Throughput",2.566311GB/s,182.170299GB/s,111.839622GB/s
"Tesla V100-SXM2-16GB (0)","volta_scudnn_128x64_relu_interior_nn_v1",6,"dram_write_throughput","Device Memory Write Throughput",0.000000B/s,13.369335MB/s,5.607811MB/s
"Tesla V100-SXM2-16GB (0)","void cudnn::detail::dgrad_engine<float, int=128, int=6, int=8, int=3, int=3, int=5, bool=1>(int, int, int, float const *, int, float const , int, cudnn::detail::dgrad_engine<float, int=128, int=6, int=8, int=3, int=3, int=5, bool=1>*, kernel_grad_params, int, int, float, int, int, int)",13,"dram_write_throughput","Device Memory Write Throughput",0.000000B/s,8.779603GB/s,7.159276GB/s
"Tesla V100-SXM2-16GB (0)","void Eigen::internal::EigenMetaKernel<Eigen::TensorEvaluator<Eigen::TensorAssignOp<Eigen::TensorMap<Eigen::Tensor<__int64, int=1, int=1, long>, int=16, Eigen::MakePointer>, Eigen::TensorCwiseBinaryOp<Eigen::internal::scalar_sum_op<__int64 const , __int64 const >, Eigen::TensorMap<Eigen::Tensor<__int64, int=1, int=1, long>, int=16, Eigen::MakePointer> const , Eigen::TensorMap<Eigen::Tensor<__int64 const , int=1, int=1, long>, int=16, Eigen::MakePointer> const > const > const , Eigen::GpuDevice>, long>(__int64, int=1)",10,"dram_write_throughput","Device Memory Write Throughput",0.000000B/s,0.000000B/s,0.000000B/s
"Tesla V100-SXM2-16GB (0)","void Eigen::internal::EigenMetaKernel<Eigen::TensorEvaluator<Eigen::TensorAssignOp<Eigen::TensorMap<Eigen::Tensor<float, int=1, int=1, int>, int=16, Eigen::MakePointer>, Eigen::TensorCwiseUnaryOp<Eigen::internal::scalar_log_op<float>, Eigen::TensorMap<Eigen::Tensor<float const , int=1, int=1, int>, int=16, Eigen::MakePointer> const > const > const , Eigen::GpuDevice>, int>(float, int=1)",30,"dram_write_throughput","Device Memory Write Throughput",51.549963MB/s,94.540883GB/s,31.453348GB/s
"Tesla V100-SXM2-16GB (0)","void Eigen::internal::EigenMetaKernel<Eigen::TensorEvaluator<Eigen::TensorAssignOp<Eigen::TensorMap<Eigen::Tensor<float, int=1, int=1, int>, int=16, Eigen::MakePointer>, Eigen::TensorCwiseUnaryOp<Eigen::internal::scalar_opposite_op<float>, Eigen::TensorMap<Eigen::Tensor<float const , int=1, int=1, int>, int=16, Eigen::MakePointer> const > const > const , Eigen::GpuDevice>, int>(float, int=1)",40,"dram_write_throughput","Device Memory Write Throughput",0.000000B/s,216.336786GB/s,6.166638GB/s
"Tesla V100-SXM2-16GB (0)","void tensorflow::functor::BlockReduceKernel<float*, float*, int=256, tensorflow::functor::Sum<float>>(float*, float*, int, float, std::iterator_traits<tensorflow::functor::BlockReduceKernel<float*, float*, int=256, tensorflow::functor::Sum<float>>>::value_type)",20,"dram_write_throughput","Device Memory Write Throughput",17.742778MB/s,224.393956MB/s,73.941772MB/s
"Tesla V100-SXM2-16GB (0)","void tensorflow::functor::CleanupSegments<float*, float*, cub::Sum>(float*, float*, int, int, int, cub::Sum, std::iterator_traits<tensorflow::functor::CleanupSegments<float*, float*, cub::Sum>>::value_type)",1,"dram_write_throughput","Device Memory Write Throughput",84.771049MB/s,84.771049MB/s,84.770829MB/s
"Tesla V100-SXM2-16GB (0)","void cudnn::winograd_nonfused::winogradForwardOutput4x4<float, float>(cudnn::winograd_nonfused::WinogradOutputParams<float, float>)",4,"dram_write_throughput","Device Memory Write Throughput",39.679287GB/s,71.375310GB/s,54.364043GB/s
"Tesla V100-SXM2-16GB (0)","void Eigen::internal::EigenMetaKernel<Eigen::TensorEvaluator<Eigen::TensorAssignOp<Eigen::TensorStridingSlicingOp<Eigen::DSizes<int, int=2> const , Eigen::DSizes<int, int=2> const , Eigen::DSizes<int, int=2> const , Eigen::TensorMap<Eigen::Tensor<float, int=2, int=1, int>, int=16, Eigen::MakePointer>>, Eigen::TensorMap<Eigen::Tensor<float const , int=2, int=1, long>, int=16, Eigen::MakePointer> const > const , Eigen::GpuDevice>, long>(int, int=2)",20,"dram_write_throughput","Device Memory Write Throughput",1.980908GB/s,27.090311GB/s,20.456927GB/s
"Tesla V100-SXM2-16GB (0)","void Eigen::internal::EigenMetaKernel<Eigen::TensorEvaluator<Eigen::TensorAssignOp<Eigen::TensorMap<Eigen::Tensor<float, int=1, int=1, int>, int=16, Eigen::MakePointer>, Eigen::TensorCwiseBinaryOp<Eigen::internal::scalar_product_op<float, float>, Eigen::TensorMap<Eigen::Tensor<float const , int=1, int=1, int>, int=16, Eigen::MakePointer> const , Eigen::TensorMap<Eigen::Tensor<float const , int=1, int=1, long>, int=16, Eigen::MakePointer> const > const > const , Eigen::GpuDevice>, long>(float, int=1)",140,"dram_write_throughput","Device Memory Write Throughput",0.000000B/s,83.714094GB/s,27.327750GB/s
"Tesla V100-SXM2-16GB (0)","void Eigen::internal::EigenMetaKernel<Eigen::TensorEvaluator<Eigen::TensorAssignOp<Eigen::TensorMap<Eigen::Tensor<float, int=1, int=1, int>, int=16, Eigen::MakePointer>, Eigen::TensorCwiseUnaryOp<Eigen::internal::scalar_exp_op<float>, Eigen::TensorMap<Eigen::Tensor<float const , int=1, int=1, int>, int=16, Eigen::MakePointer> const > const > const , Eigen::GpuDevice>, int>(float, int=1)",10,"dram_write_throughput","Device Memory Write Throughput",0.000000B/s,27.443865MB/s,8.036518MB/s
"Tesla V100-SXM2-16GB (0)","void Eigen::internal::EigenMetaKernel<Eigen::TensorEvaluator<Eigen::TensorAssignOp<Eigen::TensorMap<Eigen::Tensor<float, int=1, int=1, long>, int=16, Eigen::MakePointer>, Eigen::TensorCwiseBinaryOp<Eigen::internal::scalar_difference_op<float, float>, Eigen::TensorMap<Eigen::Tensor<float, int=1, int=1, long>, int=16, Eigen::MakePointer> const , Eigen::TensorCwiseBinaryOp<Eigen::internal::scalar_quotient_op<float, float>, Eigen::TensorCwiseBinaryOp<Eigen::internal::scalar_product_op<float, float>, Eigen::TensorBroadcastingOp<Eigen::array<long, unsigned long=1> const , Eigen::TensorReshapingOp<Eigen::Sizes<> const , Eigen::TensorCwiseBinaryOp<Eigen::internal::scalar_quotient_op<float, float>, Eigen::TensorCwiseBinaryOp<Eigen::internal::scalar_product_op<float const , float const >, Eigen::TensorMap<Eigen::TensorFixedSize<float const , Eigen::Sizes<>, int=1, long>, int=16, Eigen::MakePointer> const , Eigen::TensorCwiseUnaryOp<Eigen::internal::scalar_sqrt_op<float>, Eigen::TensorCwiseBinaryOp<Eigen::internal::scalar_difference_op<float const , float const >, Eigen::TensorCwiseNullaryOp<Eigen::internal::scalar_constant_op<float const >, Eigen::TensorMap<Eigen::TensorFixedSize<float const , Eigen::Sizes<>, int=1, long>, int=16, Eigen::MakePointer> const > const , Eigen::TensorMap<Eigen::TensorFixedSize<float const , Eigen::Sizes<>, int=1, long>, int=16, Eigen::MakePointer> const > const > const > const , Eigen::TensorCwiseBinaryOp<Eigen::internal::scalar_difference_op<float const , float const >, Eigen::TensorCwiseNullaryOp<Eigen::internal::scalar_constant_op<float const >, Eigen::TensorMap<Eigen::TensorFixedSize<float const , Eigen::Sizes<>, int=1, long>, int=16, Eigen::MakePointer> const > const , Eigen::TensorMap<Eigen::TensorFixedSize<float const , Eigen::Sizes<>, int=1, long>, int=16, Eigen::MakePointer> const > const > const > const > const , Eigen::TensorMap<Eigen::Tensor<float, int=1, int=1, long>, int=16, Eigen::MakePointer> const > const , Eigen::TensorCwiseBinaryOp<Eigen::internal::scalar_sum_op<float const , float const >, Eigen::TensorBroadcastingOp<Eigen::array<long, unsigned long=1> const , Eigen::TensorReshapingOp<Eigen::Sizes<> const , Eigen::TensorMap<Eigen::TensorFixedSize<float const , Eigen::Sizes<>, int=1, long>, int=16, Eigen::MakePointer> const > const > const , Eigen::TensorCwiseUnaryOp<Eigen::internal::scalar_sqrt_op<float>, Eigen::TensorMap<Eigen::Tensor<float, int=1, int=1, long>, int=16, Eigen::MakePointer> const > const > const > const > const > const , Eigen::GpuDevice>, long>(float, int=1)",230,"dram_write_throughput","Device Memory Write Throughput",0.000000B/s,94.073777GB/s,20.699764GB/s
"Tesla V100-SXM2-16GB (0)","void Eigen::internal::EigenMetaKernel<Eigen::TensorEvaluator<Eigen::TensorAssignOp<Eigen::TensorMap<Eigen::Tensor<float, int=2, int=1, int>, int=16, Eigen::MakePointer>, Eigen::TensorBroadcastingOp<Eigen::array<int, unsigned long=2> const , Eigen::TensorMap<Eigen::Tensor<float const , int=2, int=1, int>, int=16, Eigen::MakePointer> const > const > const , Eigen::GpuDevice>, int>(float, int=2)",20,"dram_write_throughput","Device Memory Write Throughput",17.261073MB/s,900.465019MB/s,332.354069MB/s
"Tesla V100-SXM2-16GB (0)","void tensorflow::functor::ColumnReduceKernel<float const *, float*, cub::Sum>(float const *, float*, int, int, cub::Sum, std::iterator_traits<tensorflow::functor::ColumnReduceKernel<float const *, float*, cub::Sum>>::value_type)",1,"dram_write_throughput","Device Memory Write Throughput",46.238754MB/s,46.238754MB/s,46.238574MB/s
"Tesla V100-SXM2-16GB (0)","void cudnn::detail::bn_fw_tr_1C11_kernel_new<float, float, int=512, bool=1, int=1>(cudnnTensorStruct, float const *, cudnn::detail::bn_fw_tr_1C11_kernel_new<float, float, int=512, bool=1, int=1>, cudnnTensorStruct*, float const *, float const , cudnnTensorStruct*, cudnnTensorStruct*, cudnnTensorStruct**, float const *, float const *, float const *, cudnnTensorStruct*, cudnnTensorStruct*)",32,"dram_write_throughput","Device Memory Write Throughput",5.529895GB/s,135.223712GB/s,69.756356GB/s
"Tesla V100-SXM2-16GB (0)","void cudnn::winograd_nonfused::winogradForwardFilter9x9_5x5<float, float>(cudnn::winograd_nonfused::WinogradFilterParams<float, float>)",4,"dram_write_throughput","Device Memory Write Throughput",429.064502GB/s,447.709045GB/s,436.978424GB/s
"Tesla V100-SXM2-16GB (0)","void fft2d_r2c_32x32<float, unsigned int=1, bool=0>(float2*, float const *, int, int, int, int, int, int, int, int, int, cudnn::reduced_divisor, bool)",10,"dram_write_throughput","Device Memory Write Throughput",438.379966GB/s,648.453645GB/s,583.222389GB/s
"Tesla V100-SXM2-16GB (0)","cudnn::gemm::computeOffsetsKernel(cudnn::gemm::ComputeOffsetsParams)",14,"dram_write_throughput","Device Memory Write Throughput",0.000000B/s,216.744163MB/s,56.779978MB/s
"Tesla V100-SXM2-16GB (0)","void tensorflow::functor::FillPhiloxRandomKernelLaunch<tensorflow::random::NormalDistribution<tensorflow::random::PhiloxRandom, float>>(tensorflow::random::PhiloxRandom, tensorflow::random::PhiloxRandomResultElementType*, __int64, tensorflow::functor::FillPhiloxRandomKernelLaunch<tensorflow::random::NormalDistribution<tensorflow::random::PhiloxRandom, float>>)",11,"dram_write_throughput","Device Memory Write Throughput",116.161325GB/s,137.642278GB/s,129.369799GB/s
"Tesla V100-SXM2-16GB (0)","void fft2d_r2c_32x32<float, unsigned int=5, bool=0>(float2*, float const *, int, int, int, int, int, int, int, int, int, cudnn::reduced_divisor, bool)",2,"dram_write_throughput","Device Memory Write Throughput",524.357181GB/s,553.089126GB/s,538.012203GB/s
"Tesla V100-SXM2-16GB (0)","void cudnn::detail::bn_bw_1C11_kernel_new<float, float, float2, int=512, bool=1, int=1>(float, cudnn::detail::bn_bw_1C11_kernel_new<float, float, float2, int=512, bool=1, int=1>, cudnn::detail::bn_bw_1C11_kernel_new<float, float, float2, int=512, bool=1, int=1>, cudnn::detail::bn_bw_1C11_kernel_new<float, float, float2, int=512, bool=1, int=1>, cudnnTensorStruct, float const *, float, float const , float, cudnnTensorStruct*, cudnn::detail::bn_bw_1C11_kernel_new<float, float, float2, int=512, bool=1, int=1> const *, cudnn::detail::bn_bw_1C11_kernel_new<float, float, float2, int=512, bool=1, int=1>*, cudnn::detail::bn_bw_1C11_kernel_new<float, float, float2, int=512, bool=1, int=1> const *, cudnn::detail::bn_bw_1C11_kernel_new<float, float, float2, int=512, bool=1, int=1> const , cudnn::detail::bn_bw_1C11_kernel_new<float, float, float2, int=512, bool=1, int=1> const , cudnn::detail::bn_bw_1C11_kernel_new<float, float, float2, int=512, bool=1, int=1>)",50,"dram_write_throughput","Device Memory Write Throughput",2.813740GB/s,105.273546GB/s,57.663017GB/s
"Tesla V100-SXM2-16GB (0)","void cudnn::detail::bn_bw_1C11_singleread<float, int=512, bool=1, int=1, int=2, int=0>(float, float, float, float, cudnnTensorStruct, float const *, cudnn::detail::bn_bw_1C11_singleread<float, int=512, bool=1, int=1, int=2, int=0>, float const , cudnn::detail::bn_bw_1C11_singleread<float, int=512, bool=1, int=1, int=2, int=0>, cudnnTensorStruct*, float const *, float*, float const *, float const , float const , float, cudnn::reduced_divisor, int, float*, cudnn::detail::bnBwPersistentState*, int, float, float, float, int, float, cudnnStatus_t*, bool)",20,"dram_write_throughput","Device Memory Write Throughput",13.992554GB/s,96.189630GB/s,67.707949GB/s
"Tesla V100-SXM2-16GB (0)","void Eigen::internal::EigenMetaKernel<Eigen::TensorEvaluator<Eigen::TensorAssignOp<Eigen::TensorMap<Eigen::Tensor<float, int=1, int=1, int>, int=16, Eigen::MakePointer>, Eigen::TensorCwiseUnaryOp<Eigen::internal::scalar_square_op<float>, Eigen::TensorMap<Eigen::Tensor<float const , int=1, int=1, int>, int=16, Eigen::MakePointer> const > const > const , Eigen::GpuDevice>, int>(float, int=1)",20,"dram_write_throughput","Device Memory Write Throughput",0.000000B/s,31.268010MB/s,10.796316MB/s
"Tesla V100-SXM2-16GB (0)","void Eigen::internal::EigenMetaKernel<Eigen::TensorEvaluator<Eigen::TensorAssignOp<Eigen::TensorMap<Eigen::Tensor<float, int=1, int=1, int>, int=16, Eigen::MakePointer>, Eigen::TensorCwiseUnaryOp<Eigen::internal::scalar_left<float, float, Eigen::internal::scalar_product_op<float, float>>, Eigen::TensorMap<Eigen::Tensor<float const , int=1, int=1, int>, int=16, Eigen::MakePointer> const > const > const , Eigen::GpuDevice>, int>(float, int=1)",70,"dram_write_throughput","Device Memory Write Throughput",0.000000B/s,29.626324GB/s,5.430667GB/s
"Tesla V100-SXM2-16GB (0)","void tensorflow::BiasGradNHWC_SharedAtomics<float>(int, float const *, tensorflow::BiasGradNHWC_SharedAtomics<float>*, int)",10,"dram_write_throughput","Device Memory Write Throughput",0.000000B/s,5.044664GB/s,633.262859MB/s
"Tesla V100-SXM2-16GB (0)","volta_scudnn_128x32_relu_small_nn_v1",2,"dram_write_throughput","Device Memory Write Throughput",45.940994GB/s,78.244894GB/s,60.514182GB/s
"Tesla V100-SXM2-16GB (0)","void cudnn::detail::explicit_convolve_sgemm<float, int, int=128, int=5, int=5, int=3, int=3, int=3, int=0, bool=1>(int, int, int, float const *, int, float const , int, cudnn::detail::explicit_convolve_sgemm<float, int, int=128, int=5, int=5, int=3, int=3, int=3, int=0, bool=1>*, kernel_conv_params, int, int, float, float, int, float const *, float const *)",8,"dram_write_throughput","Device Memory Write Throughput",0.000000B/s,32.205653GB/s,15.801771GB/s
"Tesla V100-SXM2-16GB (0)","void tensorflow::functor::CleanupSegments<float*, float*, tensorflow::functor::Sum<float>>(float*, float*, int, int, int, float, std::iterator_traits<tensorflow::functor::CleanupSegments<float*, float*, tensorflow::functor::Sum<float>>>::value_type)",20,"dram_write_throughput","Device Memory Write Throughput",0.000000B/s,208.616257MB/s,54.057939MB/s
"Tesla V100-SXM2-16GB (0)","void cudnn::winograd_nonfused::winogradForwardOutput9x9_5x5<float, float>(cudnn::winograd_nonfused::WinogradOutputParams<float, float>)",4,"dram_write_throughput","Device Memory Write Throughput",33.008282GB/s,38.003219GB/s,34.695581GB/s
"Tesla V100-SXM2-16GB (0)","void im2col4d_kernel<float, int>(im2col4d_params, cudnnConvolutionStruct, cudnnTensor4dStruct, float const *, float*, int)",10,"dram_write_throughput","Device Memory Write Throughput",0.000000B/s,258.027838GB/s,121.008947GB/s
"Tesla V100-SXM2-16GB (0)","void cudnn::winograd::winograd3x3Kernel<float, float, int=4, int=1, int=8, bool=0>(cudnn::maxwell::winograd::KernelParams)",13,"dram_write_throughput","Device Memory Write Throughput",17.764423GB/s,30.528493GB/s,26.799762GB/s
"Tesla V100-SXM2-16GB (0)","void cudnn::detail::dgrad_engine<float, int=512, int=6, int=5, int=3, int=3, int=3, bool=1>(int, int, int, float const *, int, float const , int, cudnn::detail::dgrad_engine<float, int=512, int=6, int=5, int=3, int=3, int=3, bool=1>*, kernel_grad_params, int, int, float, int, int, int)",50,"dram_write_throughput","Device Memory Write Throughput",0.000000B/s,22.110847GB/s,10.884554GB/s
"Tesla V100-SXM2-16GB (0)","compute_gemm_pointers(float2**, float2 const *, int, float2 const *, int, float2 const *, int, int)",12,"dram_write_throughput","Device Memory Write Throughput",3.047965GB/s,4.007035GB/s,3.531122GB/s
"Tesla V100-SXM2-16GB (0)","void Eigen::internal::EigenMetaKernel<Eigen::TensorEvaluator<Eigen::TensorAssignOp<Eigen::TensorMap<Eigen::Tensor<float, int=1, int=1, long>, int=16, Eigen::MakePointer>, Eigen::TensorCwiseBinaryOp<Eigen::internal::scalar_sum_op<float, float>, Eigen::TensorMap<Eigen::Tensor<float, int=1, int=1, long>, int=16, Eigen::MakePointer> const , Eigen::TensorCwiseBinaryOp<Eigen::internal::scalar_product_op<float, float>, Eigen::TensorBroadcastingOp<Eigen::array<long, unsigned long=1> const , Eigen::TensorReshapingOp<Eigen::Sizes<> const , Eigen::TensorCwiseBinaryOp<Eigen::internal::scalar_difference_op<float const , float const >, Eigen::TensorCwiseNullaryOp<Eigen::internal::scalar_constant_op<float const >, Eigen::TensorMap<Eigen::TensorFixedSize<float const , Eigen::Sizes<>, int=1, long>, int=16, Eigen::MakePointer> const > const , Eigen::TensorMap<Eigen::TensorFixedSize<float const , Eigen::Sizes<>, int=1, long>, int=16, Eigen::MakePointer> const > const > const > const , Eigen::TensorCwiseBinaryOp<Eigen::internal::scalar_difference_op<float, float>, Eigen::TensorCwiseUnaryOp<Eigen::internal::scalar_square_op<float const >, Eigen::TensorMap<Eigen::Tensor<float const , int=1, int=1, long>, int=16, Eigen::MakePointer> const > const , Eigen::TensorMap<Eigen::Tensor<float, int=1, int=1, long>, int=16, Eigen::MakePointer> const > const > const > const > const , Eigen::GpuDevice>, long>(float, int=1)",230,"dram_write_throughput","Device Memory Write Throughput",0.000000B/s,136.826426GB/s,25.667718GB/s
"Tesla V100-SXM2-16GB (0)","void cudnn::detail::wgrad_alg0_engine<float, int=128, int=6, int=7, int=3, int=3, int=5, bool=1, int=512>(int, int, int, float const *, int, cudnn::detail::wgrad_alg0_engine<float, int=128, int=6, int=7, int=3, int=3, int=5, bool=1, int=512>*, float const , kernel_grad_params, int, float, int, int, int, int)",36,"dram_write_throughput","Device Memory Write Throughput",0.000000B/s,1.455501GB/s,837.175439MB/s
"Tesla V100-SXM2-16GB (0)","void cudnn::winograd_nonfused::winogradWgradOutput4x4<float, float>(cudnn::winograd_nonfused::WinogradWgradOutputParams<float, float>)",2,"dram_write_throughput","Device Memory Write Throughput",81.818413GB/s,101.422555GB/s,90.660207GB/s
"Tesla V100-SXM2-16GB (0)","volta_sgemm_128x64_nn",6,"dram_write_throughput","Device Memory Write Throughput",76.599453GB/s,224.994192GB/s,139.138143GB/s
"Tesla V100-SXM2-16GB (0)","volta_sgemm_128x64_nt",6,"dram_write_throughput","Device Memory Write Throughput",75.278474GB/s,108.304349GB/s,95.567589GB/s
"Tesla V100-SXM2-16GB (0)","void Eigen::internal::EigenMetaKernel<Eigen::TensorEvaluator<Eigen::TensorAssignOp<Eigen::TensorMap<Eigen::Tensor<float, int=1, int=1, int>, int=16, Eigen::MakePointer>, Eigen::TensorCwiseUnaryOp<Eigen::internal::scalar_left<float, float, Eigen::internal::scalar_sum_op<float, float>>, Eigen::TensorMap<Eigen::Tensor<float const , int=1, int=1, int>, int=16, Eigen::MakePointer> const > const > const , Eigen::GpuDevice>, int>(float, int=1)",10,"dram_write_throughput","Device Memory Write Throughput",2.163955GB/s,6.546650GB/s,5.100087GB/s
"Tesla V100-SXM2-16GB (0)","void cudnn::detail::dgrad2d_alg1_1<float, int=0, int=6, int=7, int=5, int=4, int=5, bool=1, bool=1>(int, int, int, float const *, int, float const , int, cudnn::detail::dgrad2d_alg1_1<float, int=0, int=6, int=7, int=5, int=4, int=5, bool=1, bool=1>*, kernel_grad_params, int, int, float, int, int)",2,"dram_write_throughput","Device Memory Write Throughput",0.000000B/s,20.456752MB/s,10.291433MB/s
"Tesla V100-SXM2-16GB (0)","void cudnn::winograd_nonfused::winogradForwardFilter4x4<float, float>(cudnn::winograd_nonfused::WinogradFilterParams<float, float>)",4,"dram_write_throughput","Device Memory Write Throughput",197.281185GB/s,304.428442GB/s,252.381410GB/s
"Tesla V100-SXM2-16GB (0)","void Eigen::internal::EigenMetaKernel<Eigen::TensorEvaluator<Eigen::TensorAssignOp<Eigen::TensorMap<Eigen::Tensor<float, int=1, int=1, long>, int=16, Eigen::MakePointer>, Eigen::TensorCwiseBinaryOp<Eigen::internal::scalar_sum_op<float, float>, Eigen::TensorMap<Eigen::Tensor<float, int=1, int=1, long>, int=16, Eigen::MakePointer> const , Eigen::TensorCwiseBinaryOp<Eigen::internal::scalar_product_op<float, float>, Eigen::TensorBroadcastingOp<Eigen::array<long, unsigned long=1> const , Eigen::TensorReshapingOp<Eigen::Sizes<> const , Eigen::TensorCwiseBinaryOp<Eigen::internal::scalar_difference_op<float const , float const >, Eigen::TensorCwiseNullaryOp<Eigen::internal::scalar_constant_op<float const >, Eigen::TensorMap<Eigen::TensorFixedSize<float const , Eigen::Sizes<>, int=1, long>, int=16, Eigen::MakePointer> const > const , Eigen::TensorMap<Eigen::TensorFixedSize<float const , Eigen::Sizes<>, int=1, long>, int=16, Eigen::MakePointer> const > const > const > const , Eigen::TensorCwiseBinaryOp<Eigen::internal::scalar_difference_op<float const , float const >, Eigen::TensorMap<Eigen::Tensor<float const , int=1, int=1, long>, int=16, Eigen::MakePointer> const , Eigen::TensorMap<Eigen::Tensor<float, int=1, int=1, long>, int=16, Eigen::MakePointer> const > const > const > const > const , Eigen::GpuDevice>, long>(float, int=1)",230,"dram_write_throughput","Device Memory Write Throughput",0.000000B/s,82.373701GB/s,12.736543GB/s
"Tesla V100-SXM2-16GB (0)","void Eigen::internal::EigenMetaKernel<Eigen::TensorEvaluator<Eigen::TensorAssignOp<Eigen::TensorMap<Eigen::Tensor<float, int=1, int=1, int>, int=16, Eigen::MakePointer>, Eigen::TensorCwiseNullaryOp<Eigen::internal::scalar_constant_op<float>, Eigen::TensorMap<Eigen::Tensor<float, int=1, int=1, int>, int=16, Eigen::MakePointer> const > const > const , Eigen::GpuDevice>, int>(float, int=1)",140,"dram_write_throughput","Device Memory Write Throughput",0.000000B/s,629.950006MB/s,179.113629MB/s
"Tesla V100-SXM2-16GB (0)","void fft2d_c2r_16x16<float, bool=0>(float*, float2*, int, int, int, int, int, int, int, int, int, int, float, float, int, float*, float*)",12,"dram_write_throughput","Device Memory Write Throughput",61.270522GB/s,85.596908GB/s,72.747540GB/s
"Tesla V100-SXM2-16GB (0)","volta_scudnn_128x64_stridedB_splitK_interior_nn_v1",12,"dram_write_throughput","Device Memory Write Throughput",0.000000B/s,3.436595GB/s,463.724813MB/s
"Tesla V100-SXM2-16GB (0)","volta_sgemm_64x32_sliced1x4_tn",10,"dram_write_throughput","Device Memory Write Throughput",6.377192GB/s,31.877401GB/s,14.844654GB/s
"Tesla V100-SXM2-16GB (0)","void Eigen::internal::EigenMetaKernel<Eigen::TensorEvaluator<Eigen::TensorAssignOp<Eigen::TensorMap<Eigen::Tensor<float, int=1, int=1, int>, int=16, Eigen::MakePointer>, Eigen::TensorCwiseUnaryOp<Eigen::internal::scalar_sqrt_op<float>, Eigen::TensorMap<Eigen::Tensor<float const , int=1, int=1, int>, int=16, Eigen::MakePointer> const > const > const , Eigen::GpuDevice>, int>(float, int=1)",10,"dram_write_throughput","Device Memory Write Throughput",0.000000B/s,100.762419MB/s,28.088105MB/s
"Tesla V100-SXM2-16GB (0)","void fft2d_c2r_32x32<float, bool=0, unsigned int=1, bool=0, bool=0>(float*, float2 const *, int, int, int, int, int, int, int, int, int, float, float, cudnn::reduced_divisor, bool, float*, float*)",8,"dram_write_throughput","Device Memory Write Throughput",23.105650GB/s,49.084943GB/s,30.523237GB/s
